-3 -3 -3 -3 -3 -3 -3 -3 -3 -3 -1 -2 -3 -3 -2 -3 -2 -3 -3 -3 -3 -3 -3 -3 -3 -3 -3 -3 
-3 -3 -3 -3 -3 -3 -3 -3 0 -3 -3 -3 -2 -2 -2 -3 -3 -3 -2 -3 -3 -3 -2 -2 -3 -3 -3 -3 
-3 -3 -3 -3 -3 -3 -3 -3 -2 -3 0 -3 -1 -3 -3 0 -2 -2 -3 -3 -2 -2 -3 -3 -3 -3 -3 -3 
-3 -3 -3 -3 -3 -3 -3 -3 -3 1 -3 -3 -3 -3 1 -3 -3 -2 -3 -3 -3 -3 -3 -1 -3 -3 -3 -3 
-3 -3 -3 -3 -3 -3 -3 -3 -3 -3 -2 1 -3 -2 -1 -3 -3 -3 -3 -3 -1 -1 -3 -3 -3 -3 -3 -3 
-3 -3 -3 -3 -3 -3 -3 -3 -1 -3 -3 -3 -3 -1 -3 0 0 -1 -2 -3 -3 -3 -1 -2 -3 -3 -3 -3 
-3 -3 -3 -3 -3 -3 -3 -3 -3 1 5 36 54 41 63 58 11 -3 -3 1 -2 -3 -3 -3 -3 -3 -3 -3 
-3 -3 -3 -3 -3 -3 -3 -3 -3 7 98 163 174 166 195 193 145 67 6 -3 -2 -2 -2 -3 -3 -3 -3 -3 
-3 -3 -3 -3 -3 -3 -3 -3 0 77 203 212 170 126 148 196 230 215 66 -3 -2 -3 -3 -3 -3 -3 -3 -3 
-3 -3 -3 -3 -3 -3 -3 -3 14 130 216 131 48 24 21 99 221 241 135 4 -3 -3 0 -3 -3 -3 -3 -3 
-3 -3 -3 -3 -3 -3 -3 -3 36 156 205 71 -3 -3 0 55 208 245 142 16 -3 0 -3 -3 -3 -3 -3 -3 
-3 -3 -3 -3 -3 -3 -3 -3 35 154 206 94 32 41 51 123 230 239 138 2 -1 -3 -3 -3 -3 -3 -3 -3 
-3 -3 -3 -3 -3 -3 -3 -3 15 138 226 184 154 166 190 215 239 229 84 2 -3 -3 -2 -3 -3 -3 -3 -3 
-3 -3 -3 -3 -3 -3 -3 -3 1 40 151 183 194 184 165 164 212 180 44 -3 -3 0 -3 -3 -3 -3 -3 -3 
-3 -3 -3 -3 -3 -3 -3 -3 -3 -1 23 55 64 58 40 81 189 161 39 -2 -3 -3 3 -3 -3 -3 -3 -3 
-3 -3 -3 -3 -3 -3 -3 -3 -2 -2 -3 -1 -3 -3 -2 65 199 144 29 -3 -3 -3 -3 -2 -3 -3 -3 -3 
-2 -3 -2 -3 -3 -3 -2 -3 -3 -3 -3 -2 -3 -3 -1 72 208 133 19 -3 -3 -3 -1 -3 -3 -3 -3 -3 
-3 0 -3 -3 -1 -2 -3 -2 -1 -3 -3 -2 -1 -3 -3 88 217 111 9 -3 -3 -2 -3 -3 -3 -3 -3 -3 
-3 0 -3 -2 -3 -2 -3 -2 -2 -3 -3 -3 -1 -1 1 105 220 95 2 -2 -3 -1 -3 -3 -3 -3 -3 -3 
-3 -3 -3 1 -2 -1 -3 20 60 44 18 2 -3 -3 12 120 210 84 -3 -3 -3 -3 -2 -2 -3 -3 -3 -3 
-3 -2 -2 -3 -3 -3 16 97 185 167 128 92 53 33 64 158 206 71 -3 -1 -3 -3 -1 -3 -3 -3 -3 -3 
-2 -3 -2 -3 -2 -2 2 58 151 187 209 211 185 159 172 210 175 44 -3 2 -3 -2 -3 -3 -3 -3 -3 -3 
-3 -3 1 -3 -3 -2 -3 7 29 60 93 135 179 191 182 157 83 8 -3 -3 -3 -2 -3 -1 -3 -3 -3 -3 
-3 -3 -3 -3 -1 -2 -3 -3 -3 -1 0 17 54 63 57 34 4 -3 1 -3 -2 -3 -3 -3 -3 -3 -3 -3 
-3 -3 -3 -3 -3 -3 -3 -3 -3 -3 -3 -3 -3 -3 -3 -3 -3 -3 -3 -3 -3 -3 -3 -3 -3 -3 -3 -3 
-3 -3 -3 -3 -3 -3 -3 -3 -3 -3 -3 -3 -3 -3 -3 -3 -3 -3 -3 -3 -3 -3 -3 -3 -3 -3 -3 -3 
-3 -3 -3 -3 -3 -3 -3 -3 -3 -3 -3 -3 -3 -3 -3 -3 -3 -3 -3 -3 -3 -3 -3 -3 -3 -3 -3 -3 
-3 -3 -3 -3 -3 -3 -3 -3 -3 -3 -3 -3 -3 -3 -3 -3 -3 -3 -3 -3 -3 -3 -3 -3 -3 -3 -3 -3 
